0.9
node parent1 parent2 dist pt eta phi m
395 388 392 0.652306581881 135.904153267 1.09496733466 2.08367051626 163.227205998
388 365 386 0.548203724581 101.638581245 1.37797139729 2.32246294579 85.0129752728
365 146 356 0.277285324979 1.03530977839 3.46955681541 1.7619768444 2.90291969615
146 -1 -1 0 0.0570526013164 4.18146387481 1.19775029506 0
356 141 355 0.207061612867 0.987571576754 3.39769835622 1.79287530523 2.72742340807
141 -1 -1 0 0.0759420506891 4.02206880397 1.89444819854 0
355 123 271 0.21222144657 0.912053445949 3.32231030914 1.78443228198 2.51984770813
123 -1 -1 0 0.671843560081 3.18134443533 1.90812211441 0
271 104 118 0.0375944125806 0.258966258864 3.56054468055 1.45862420184 1.51772704503
104 -1 -1 0 0.162265323876 3.56374659332 1.42348926784 0.13957
118 -1 -1 0 0.0969687536622 3.55238752519 1.51744001606 0.93827
386 379 381 0.476806574677 100.763180243 1.30519810844 2.32792497398 76.7613399226
379 333 369 0.352325694917 96.6693732048 1.2493468466 2.15038678413 45.5417229835
333 195 250 0.121387964224 1.76885585219 1.81197286479 0.920488594988 1.67110469387
195 -1 -1 0 0.443262544851 1.55099402349 0.857559756689 0.13957
250 167 169 0.0250132796605 1.32676355458 1.88582009791 0.941500358235 1.45442594031
167 -1 -1 0 0.583276550231 1.87747030389 0.910003563951 0.49368
169 -1 -1 0 0.74400307692 1.89166130827 0.966191345653 0.93827
369 351 368 0.30631690018 96.0924468168 1.22513207784 2.16773622545 40.4840601301
351 337 350 0.18658251077 14.3569476023 1.33133758604 2.99703378597 6.83307563497
337 66 336 0.118709976203 2.01286439887 1.73635982761 2.71716444925 0.738895663633
66 -1 -1 0 0.325136504935 1.99875395436 2.57110926454 0.13957
336 80 267 0.128194942832 1.69185152099 1.67508225884 2.74513699119 0.546850878213
80 -1 -1 0 0.262210859388 1.61047995295 2.41006047008 0.13957
267 67 86 0.0354578284888 1.44679519851 1.67539265681 2.80477011799 0.301398276287
67 -1 -1 0 0.965722278467 1.66398513689 2.83396857834 0.13957
86 -1 -1 0 0.482309293668 1.69553260063 2.74628134593 0.13957
350 322 338 0.193449980392 12.4348377279 1.24260875271 3.04176288774 5.30023523611
322 168 315 0.0966181833071 2.53410189541 1.56670735366 -2.939938189 1.57480277205
168 -1 -1 0 0.867575284912 1.71676370966 -2.99321246798 0.93827
315 58 79 0.0837288576516 1.6683971969 1.47852982429 -2.91224484744 0.337973420255
58 -1 -1 0 1.10609724633 1.43524670007 -2.97568619956 0.13957
79 -1 -1 0 0.568863918216 1.54841682748 -2.78865804392 0.13957
338 65 327 0.128362368976 10.0432602269 1.13103176321 2.96676966317 2.76276248363
65 -1 -1 0 0.970533818029 0.993038121443 2.60248420085 0.13957
327 270 326 0.105515413599 9.1429552665 1.13864919804 3.00459834633 2.30272350171
270 57 186 0.0371276512899 1.43702126055 0.87496414901 2.90591796061 0.156874234418
57 -1 -1 0 1.28208641648 0.886916392915 2.91018120937 0.13957
186 -1 -1 0 0.155042870671 0.77164315282 2.87065694185 0
326 304 310 0.106320428464 7.71422430469 1.18140638992 3.02295193846 1.84642520661
304 72 299 0.0642768664409 4.88251076444 1.11600581195 3.10348401275 0.872488900316
72 -1 -1 0 0.365042778471 1.31073747831 -3.1234252475 0.13957
299 92 285 0.0619398558557 4.51809253195 1.09870253508 3.09893953 0.647991001985
92 -1 -1 0 1.53044839659 1.06873624472 -3.08053111711 0
285 241 251 0.0493879756166 3.00005507886 1.11044349905 3.04610074298 0.448038974519
241 76 84 0.0200367374252 1.66505265444 1.13406763181 3.09004495467 0.245956390309
76 -1 -1 0 0.559909212682 1.11146799737 3.11677868055 0.13957
84 -1 -1 0 1.10544483315 1.14513875202 3.07650548772 0
251 75 91 0.0251567627806 1.33860980736 1.07819646955 2.99143034654 0.168243573863
75 -1 -1 0 0.970624187806 1.09223219079 2.97870728899 0.13957
91 -1 -1 0 0.368271281804 1.0398072532 3.02496890963 0
310 74 293 0.0743460429053 2.87449844933 1.2735905689 2.88588230089 0.67250010654
74 -1 -1 0 0.927034415538 1.37599211886 2.96768016317 0
293 235 257 0.0584925996695 1.95203376861 1.2195196267 2.84706948798 0.49763883571
235 18 73 0.0177613526993 0.325391097317 1.07529716444 2.79972129105 0.175013275786
18 -1 -1 0 0.122996694836 1.05694027378 2.82061592477 0
73 -1 -1 0 0.202437562143 1.08615442056 2.78702674521 0.13957
257 83 85 0.0301930540203 1.62708023187 1.24618549016 2.85653500511 0.154158504371
83 -1 -1 0 0.148752199038 1.28593312837 2.77378195612 0
85 -1 -1 0 1.47888818941 1.24179007824 2.86484922045 0.13957
368 343 344 0.301280779098 87.0421800455 1.15341243739 2.04579629373 14.8630534258
343 122 194 0.154360253949 0.263575486571 2.46846110766 2.15790752212 0.182525356906
122 -1 -1 0 0.0752809754245 2.72242042661 2.29245291814 0
194 -1 -1 0 0.189244483297 2.34101455488 2.10452168315 0.13957
344 17 341 0.155395878212 86.7802642653 1.14564406762 2.04545649401 13.0160197353
17 -1 -1 0 0.133629720163 1.84896719203 2.13833735628 0
341 199 335 0.144351615883 86.6472114194 1.14413693629 2.04531345644 12.7612873585
199 -1 -1 0 0.512421640024 0.619184884296 1.73896587874 0.13957
335 185 298 0.128009853614 86.1587859922 1.14649092675 2.04710706717 11.8675516322
185 -1 -1 0 1.07131308978 1.4149811063 1.61577407937 0
298 243 289 0.0614566421557 85.1867727513 1.14174021984 2.05236491232 10.7255229321
243 166 174 0.0215313997788 3.0404796933 1.1471586577 1.83330002771 0.670950776561
166 -1 -1 0 1.86780186255 1.15828352688 1.85049903622 0.49368
174 -1 -1 0 1.17339385504 1.12873328446 1.80592067 0.13957
289 266 280 0.0544072801601 82.2216121883 1.14079246141 2.06040118005 9.29735612799
266 239 256 0.0348367184583 79.4106235565 1.13492426667 2.05590987164 5.59403374826
239 177 236 0.0188902257189 23.6117354713 1.19574799225 2.03051753653 1.93838976178
177 -1 -1 0 1.42274203344 1.24411706319 1.99127438778 0.13957
236 192 228 0.017989632416 22.1901590311 1.19253510429 2.03303300325 1.76076808976
192 -1 -1 0 2.60775346416 1.1737821465 1.98499274407 0
228 215 218 0.0153912460818 19.5858145141 1.19486568883 2.03942690757 1.60868858337
215 175 189 0.00925565798717 10.953833988 1.20905137085 2.03301428789 1.15899774772
175 -1 -1 0 2.03528269747 1.21083296719 2.01031787231 0.49368
189 -1 -1 0 8.91919508438 1.20858406009 2.03819299091 0.13957
218 165 193 0.0112291861236 8.63249152973 1.17657104393 2.04756396335 0.203281605404
165 -1 -1 0 6.22907180322 1.18397587845 2.05192404586 0.13957
193 -1 -1 0 2.40363237847 1.15709371614 2.0362644988 0
256 173 248 0.0301366722027 55.8097196392 1.10809206859 2.06665180342 2.25855416881
173 -1 -1 0 3.03561482085 1.01238470856 2.10014333029 0.13957
248 188 229 0.024299488626 52.7759050464 1.11335510763 2.06472576477 1.65349757071
188 -1 -1 0 1.57053131881 1.18537571232 2.11612183514 0.13957
229 182 222 0.0159621745658 51.2075111577 1.11104449252 2.0631501436 1.18377989624
182 -1 -1 0 3.03701940027 1.06254164952 2.08427767916 0
222 208 210 0.0126903807984 48.1712122814 1.11402833374 2.06181822817 0.941289293696
208 181 191 0.00610619244295 13.6269397906 1.1046701889 2.08515928189 0.103353490348
181 -1 -1 0 4.35562974715 1.09868035329 2.07584027886 0
191 -1 -1 0 9.27158801954 1.10745021171 2.089537137 0
210 190 207 0.00649858512768 34.5494481841 1.11757974881 2.05261279184 0.441369976476
190 -1 -1 0 3.26022002647 1.12381963987 2.07123970547 0
207 184 205 0.00565431168585 31.2898526513 1.11691166705 2.05067208716 0.364507951011
184 -1 -1 0 11.6679508142 1.10964159515 2.0558969935 0
205 164 183 0.00334413666451 19.6221558059 1.12120416334 2.04756520271 0.23312445046
164 -1 -1 0 7.91529512463 1.12312947825 2.04311285379 0.13957
183 -1 -1 0 11.7069921791 1.11989164087 2.05057550561 0
280 54 259 0.0446206384458 2.83431902221 1.28864646352 2.18657060997 1.32910037847
54 -1 -1 0 0.0626331223428 1.34212412955 2.34578327796 0.13957
259 198 211 0.0307941082086 2.77249584012 1.28715820531 2.18298902419 1.0209890913
198 -1 -1 0 0.418196441753 1.36843385664 2.18148045447 0.13957
211 172 179 0.0078131253273 2.35429995876 1.2721044576 2.1832569927 0.87479946437
172 -1 -1 0 1.58201303022 1.26702547978 2.18777865331 0.13957
179 -1 -1 0 0.772336228265 1.28238557079 2.17399495937 0.49761
381 340 349 0.370902158373 17.9716187696 0.859971423732 -2.70212245489 5.78814713079
340 15 321 0.129937032062 0.691838383335 -0.111816555874 -1.7970850104 0.2199243607
15 -1 -1 0 0.0922753854504 0.222797169483 -1.92810830364 0
321 11 24 0.0957380451552 0.600474948199 -0.162898235205 -1.7770067835 0.183420494918
11 -1 -1 0 0.408613783209 -0.176901441809 -1.69632170031 0.13957
24 -1 -1 0 0.195977471592 -0.130195443804 -1.94585416956 0
349 43 308 0.170809580091 17.5527354354 0.87962120982 -2.73312515996 2.94712382772
43 -1 -1 0 0.262137243846 0.775778524471 -2.07209855712 0.13957
308 269 288 0.0712234704282 17.3465607025 0.878857080445 -2.74240282508 2.28918901127
269 82 93 0.0363759651222 2.22558138359 0.819579396236 -2.93330206255 0.0863888198903
82 -1 -1 0 1.15040792642 0.8041066199 -2.96772201238 0
93 -1 -1 0 1.076583005 0.835062467077 -2.89652079014 0
288 273 279 0.052619285763 15.1672889695 0.885208887211 -2.71455733743 1.7334034478
273 77 264 0.0386530190185 7.42895999042 0.875839656761 -2.65865641558 0.991219706913
77 -1 -1 0 1.58549770587 0.953926625903 -2.61635651087 0.13957
264 78 262 0.0332713735524 5.845265055 0.853666124824 -2.6701268747 0.775316696745
78 -1 -1 0 0.373101926987 0.809916567048 -2.57041070839 0.13957
262 87 88 0.0327127947348 5.47414253631 0.856350636247 -2.6769120385 0.49761
87 -1 -1 0 4.88956164397 0.867208138267 -2.67449417112 0.13957
88 -1 -1 0 0.584714714015 0.762107619268 -2.69713233639 0.13957
279 95 258 0.0443560769439 7.76104052992 0.892056053018 -2.76806402594 0.379971118589
95 -1 -1 0 0.797503093655 0.970849758308 -2.87279329794 0.000511
258 68 94 0.0302481465354 6.96840576406 0.882244060426 -2.75609983889 0.149642497313
68 -1 -1 0 6.94581589689 0.881802285699 -2.75619259134 0.13957
94 -1 -1 0 0.0225990817528 1.01144059013 -2.72758855848 0.000511
392 352 385 0.632510154208 44.2497710299 -0.188713399479 1.50931783824 16.640313691
352 19 23 0.195731414693 0.394279705497 -2.19375923322 -0.0990068923314 0.0610771448262
19 -1 -1 0 0.374898680767 -2.21916127522 -0.0989880735296 0
23 -1 -1 0 0.0193810260801 -1.5171380305 -0.0993709155823 0
385 9 367 0.46291775958 44.2663177308 -0.149757872826 1.51821867556 11.5292873032
9 -1 -1 0 0.215743236788 -1.98584089091 2.22062457855 0.13957
367 64 342 0.294427238398 44.1018633213 -0.133002807467 1.51505820965 9.09103351444
64 -1 -1 0 0.518081534833 -0.432233694964 2.65484372779 0.13957
342 56 313 0.149294142695 43.8879385676 -0.128429421454 1.50433296572 7.17081787353
56 -1 -1 0 2.04043610648 0.190111220382 1.90823314743 0.13957
313 278 303 0.0781717801008 42.0193383537 -0.143306136203 1.48524756909 5.00468648636
278 71 227 0.0435451286682 0.292698856599 0.0022074853582 1.19461148526 0.241100017143
71 -1 -1 0 0.218721499041 0.00433313720183 1.16338207407 0
227 81 178 0.0145473127919 0.0743981255052 -0.0040541806234 1.28653666806 0.142202629739
81 -1 -1 0 0.00429844771583 -0.0505211704113 1.2731189753 0
178 -1 -1 0 0.0701000884428 -0.00120355401403 1.28735939922 0.13957
303 70 291 0.0641388158743 41.7389990391 -0.144277369636 1.48725711263 4.03042666572
70 -1 -1 0 0.759196327618 0.101931618821 1.48124478496 0
291 99 286 0.0555622036281 40.9798166874 -0.148802491048 1.48736849696 3.7442355755
99 -1 -1 0 0.208415922081 -0.384857800573 1.4838067682 0
286 98 274 0.0496184603151 40.7714020941 -0.14756332873 1.48738670382 3.66952493049
98 -1 -1 0 0.357577021511 -0.139771247341 1.69001512694 0
274 204 261 0.0387392423398 40.4212047931 -0.147605473975 1.48560643754 3.57075014347
204 60 89 0.00165863138336 11.0029423158 -0.0688871450101 1.48581376593 0.73832776688
60 -1 -1 0 5.37221936484 -0.0682166776815 1.48415578999 0.49761
89 -1 -1 0 5.63073737954 -0.06952662484 1.48739562094 0.13957
261 232 234 0.0311214948488 29.4182628023 -0.176841213558 1.48552889311 2.25345093072
232 214 231 0.0157002665521 23.1486818028 -0.166069907805 1.46913302954 1.28012656086
214 96 97 0.00890130460065 7.72526120113 -0.182913573776 1.44744732812 0.528654901632
96 -1 -1 0 6.95696249307 -0.185346897512 1.44908083015 0.49761
97 -1 -1 0 0.768392030403 -0.160813225111 1.43265719336 0
231 62 206 0.016838146838 15.4261465667 -0.157587780016 1.47999237599 0.632447991819
62 -1 -1 0 6.26099542642 -0.173829008827 1.49799042218 0.13957
206 69 90 0.00346184381163 9.16685773262 -0.14644182209 1.46770000249 0.389995528444
69 -1 -1 0 1.3957416512 -0.137350484455 1.46650511419 0.13957
90 -1 -1 0 7.77111725677 -0.148073410624 1.46791461191 0.13957
234 61 100 0.0174670801957 6.2841633949 -0.215932504707 1.54595964503 0.617327483251
61 -1 -1 0 4.21344864803 -0.223829951646 1.53302164208 0.49368
100 -1 -1 0 2.0717846665 -0.199720539322 1.57227434022 0
