0.9
node parent1 parent2 dist pt eta phi m
398 389 394 0.83196379353 132.820756702 1.66414196052 -1.14486359689 116.302850495
389 357 366 0.605814203632 0.946967430204 4.90056755497 -1.76087971302 0.842588833314
357 14 334 0.223595156439 0.521523129522 4.05257293257 -1.70898483164 0.186426158257
14 -1 -1 0 0.0116106235582 3.91289957947 -2.54258262555 0
334 115 120 0.127889609442 0.513790189757 4.04796564177 -1.69225352687 0.173187408797
115 -1 -1 0 0.437000581185 3.979642662 -1.67377689053 0.13957
120 -1 -1 0 0.0772870756734 4.36059816139 -1.79691008161 0
366 103 121 0.281864970088 0.42700418378 5.42807074599 -1.82427572902 0.227240650025
103 -1 -1 0 0.340388035187 5.27544969852 -1.98874585972 0.13957
121 -1 -1 0 0.10688874315 5.66005535805 -1.27578692782 0
394 370 382 0.649915271673 132.048987974 1.47842068644 -1.140720073 90.6201176525
370 106 114 0.309762272052 0.748804271294 3.92307204 0.00389370073346 2.33583021141
106 -1 -1 0 0.170491310679 3.57928937507 -0.666547994237 0.93827
114 -1 -1 0 0.624269640252 3.92895926005 0.174407848631 0.13957
382 376 380 0.396500278316 131.741198298 1.41658835766 -1.1458955774 80.9941527433
376 345 358 0.348495078998 69.3595849036 1.47943858015 -1.55548469725 15.0901580754
345 324 330 0.158545291318 68.9608798697 1.45858999047 -1.54879376174 11.2976076104
324 306 319 0.101763425269 67.982788781 1.4562626589 -1.5386724304 9.2912563601
306 35 187 0.0654354104139 3.59369138484 1.7503500061 -1.71031846292 0.609735453939
35 -1 -1 0 0.180433345729 1.95120409649 -1.80315807314 0.13957
187 -1 -1 0 3.41407605376 1.73836350877 -1.70541893091 0.13957
319 8 305 0.0921689650756 64.4448301505 1.43649771188 -1.52914757532 6.84757598827
8 -1 -1 0 0.544539030022 1.13678550152 -1.75970519711 0.13957
305 290 297 0.0650430271539 63.9148212403 1.43854044405 -1.52720063458 6.21306717918
290 150 282 0.0548040312794 1.09390465168 1.58906016442 -1.32647393007 0.0810339389658
150 -1 -1 0 0.100410992916 1.74666644533 -1.2761096478 0
282 13 201 0.0465825534153 0.993633839547 1.57164179637 -1.33156132899 0.0534418297038
13 -1 -1 0 0.169942757462 1.6058239202 -1.44458236501 0
201 -1 -1 0 0.824997994534 1.56300154895 -1.30832737437 0
297 224 268 0.0610044298421 62.8432585448 1.43541197286 -1.53067125005 5.75518990621
224 39 53 0.0128199133683 11.5521660283 1.5379270153 -1.63912089941 0.124084234617
39 -1 -1 0 11.4187286331 1.53763506406 -1.63965188216 0.10566
53 -1 -1 0 0.13357668129 1.56167098073 -1.59371453415 0
268 252 265 0.0359414013089 51.3741787678 1.40952375308 -1.50633027783 3.19668665247
252 223 246 0.0257143610903 31.2892867522 1.44317999308 -1.50248227695 1.29106703625
223 171 216 0.0127729904774 9.83454910909 1.43598693216 -1.45573500884 0.221005279299
171 -1 -1 0 7.91604212725 1.44334039786 -1.45541725671 0.13957
216 50 202 0.00936111481509 1.91850903039 1.4051242744 -1.45704609985 0.0221165736889
50 -1 -1 0 0.67408673221 1.41294401329 -1.44350855488 0
202 -1 -1 0 1.24451752042 1.4007979203 -1.46437848556 0
246 197 237 0.0234634998143 21.4704005295 1.44580869535 -1.52388876993 0.592041319208
197 -1 -1 0 0.295270777459 1.4497425279 -1.61622385879 0
237 52 217 0.0188191607089 21.176405064 1.44569985098 -1.5226031345 0.539968668714
52 -1 -1 0 9.15086285203 1.46905548508 -1.51418431073 0
217 49 51 0.00992669420549 12.0261132559 1.42755198596 -1.52900912094 0.208481444258
49 -1 -1 0 9.81396389929 1.42803122561 -1.5235075991 0.13957
51 -1 -1 0 2.21295661149 1.42509844853 -1.55340942865 0
265 221 233 0.0334747080397 20.0854845375 1.35498155686 -1.5123247375 0.985974689546
221 40 48 0.0116311571123 16.6838279109 1.35853883098 -1.5292515759 0.533586627889
40 -1 -1 0 0.977255073003 1.36219655626 -1.56765804427 0
48 -1 -1 0 15.7073383234 1.35826816921 -1.52686264631 0.49368
233 41 203 0.0171869437802 3.41573980862 1.33377555418 -1.42955682532 0.0701796315119
41 -1 -1 0 1.37145779856 1.33330422102 -1.45464122232 0
203 -1 -1 0 2.04500279289 1.33378488326 -1.4127352314 0
330 59 292 0.115607036099 1.1987154726 1.4247724801 -2.16017810666 0.396038012174
59 -1 -1 0 0.218609833052 1.22020580134 -2.36962138831 0.13957
292 38 230 0.0559616911562 0.985931215316 1.46046453565 -2.1140608308 0.0688309368053
38 -1 -1 0 0.627027573187 1.50926738787 -2.10407564575 0
230 16 196 0.0168078755066 0.358989500389 1.36951704898 -2.13150200872 0.00744393700824
16 -1 -1 0 0.124451274887 1.39573073202 -2.14213606069 0
196 -1 -1 0 0.234548995633 1.35531791097 -2.12585967629 0
358 117 170 0.224020786083 0.610817151379 2.60712112498 -2.41174424828 0.369488527286
117 -1 -1 0 0.459420376447 2.61775628506 -2.25130871302 0.13957
170 -1 -1 0 0.1735758814 2.43924649675 -2.84830048469 0.13957
380 361 373 0.353390000834 73.5057373888 1.20220737056 -0.760668229418 35.1037231794
361 307 323 0.243885480745 1.74062784446 0.789129768179 0.508924199483 0.855818225059
307 10 176 0.0706293861516 0.561591895716 0.793584680538 0.966118849562 0.285747607066
10 -1 -1 0 0.31039297682 0.861801811157 0.982967813265 0.13957
176 -1 -1 0 0.251297396155 0.704603709307 0.945307133374 0.13957
323 55 180 0.101044232634 1.26131670759 0.743557310044 0.311091673985 0.352074711556
55 -1 -1 0 0.968112858893 0.685033732354 0.353635611906 0.13957
180 -1 -1 0 0.296948367033 0.913073925236 0.171983291292 0.13957
373 116 364 0.333625018148 73.0082709357 1.19639618873 -0.783438368254 31.1061153995
116 -1 -1 0 0.418226619503 2.46982535673 -0.202497753053 0.13957
364 346 347 0.254347119256 72.6590182661 1.18159748494 -0.786597336549 29.6972313625
346 328 332 0.159283269171 65.794454548 1.21988053232 -0.723548871691 20.1209939228
328 25 320 0.106344518722 2.38657765345 0.729179396824 -0.432378551097 0.677677297472
25 -1 -1 0 0.113874966735 0.370459468618 -0.359844948079 0
320 63 294 0.0934885796649 2.27301709158 0.74534219257 -0.436009205302 0.635886433093
63 -1 -1 0 0.175654123321 0.65971827231 -0.152612245055 0.13957
294 147 255 0.0588618268063 2.10494272349 0.75001852575 -0.459345060369 0.334415257748
147 -1 -1 0 0.257465297806 0.656205929342 -0.598102298434 0
255 107 130 0.029419649425 1.85029472642 0.761691693448 -0.440097941161 0.289427310827
107 -1 -1 0 1.06377588194 0.764092365758 -0.469550789656 0.13957
130 -1 -1 0 0.787603459933 0.757557045802 -0.40031273491 0.13957
332 318 325 0.11997305881 63.5120267974 1.23373528929 -0.734336378857 18.0313422032
318 124 284 0.0889479606575 4.03202562266 1.08167639706 -0.369800457184 2.43245086985
124 -1 -1 0 0.836582327809 1.13019120218 -0.167227367545 0.93827
284 149 226 0.0487342944965 3.21695571591 1.06337158167 -0.422144751389 1.20672482356
149 -1 -1 0 2.14998683407 1.0462334296 -0.461757691846 0.93957
226 131 154 0.013577834662 1.07204211983 1.09342803618 -0.342637800806 0.170266066212
131 -1 -1 0 0.734534894226 1.08191198768 -0.343562233146 0.13957
154 -1 -1 0 0.337508222521 1.11812797815 -0.340625914496 0
325 309 312 0.103549220969 59.7622389451 1.23937684291 -0.758392025202 13.0352991585
309 281 300 0.0729045399958 52.2544268621 1.25146551885 -0.719289561102 9.18052702031
281 160 276 0.0454917705668 23.6532657508 1.31458406526 -0.781615138034 3.61635243668
160 -1 -1 0 1.08907853886 1.38426958956 -0.641544941888 0
276 238 263 0.0415512846311 22.5753654758 1.3106830742 -0.788350367278 3.43645909982
238 156 220 0.0188754126988 14.7746116687 1.27738576527 -0.769493632535 2.28407915739
156 -1 -1 0 1.78805678591 1.32430125588 -0.795141168752 0.13957
220 132 159 0.0114918562079 12.9872238884 1.27073148462 -0.765962907314 2.08556103605
132 -1 -1 0 2.59128857948 1.29192739257 -0.748647322383 0.93827
159 -1 -1 0 10.3964205883 1.26534802013 -0.770278582521 0.10566
263 244 247 0.0331785354356 7.80835169645 1.37037446002 -0.824035691055 0.907945352551
244 162 240 0.0227903368446 5.70630036359 1.38612771143 -0.805273855822 0.726700530416
162 -1 -1 0 2.56398307853 1.38081832952 -0.833480732506 0
240 134 161 0.0195978285777 3.14416886738 1.38992129657 -0.782272947107 0.529221697017
134 -1 -1 0 0.371603897337 1.37721362123 -0.727651477636 0
161 -1 -1 0 2.77319338131 1.39141348901 -0.789588571239 0.49368
247 26 213 0.0238376365492 2.10577862735 1.32494163696 -0.87489600137 0.0468934676614
26 -1 -1 0 0.146306802409 1.24889182177 -0.88649825888 0
213 126 163 0.00869241015453 1.95948240742 1.33042020022 -0.874029726011 0.0152210471476
126 -1 -1 0 0.14235612775 1.30847863178 -0.891056554221 0
163 -1 -1 0 1.81714853104 1.33211096568 -0.872695901675 0
300 152 287 0.0622623814915 28.6849443084 1.19414766684 -0.667907287228 4.47232769871
152 -1 -1 0 1.23214569113 1.33475966979 -0.503965435539 0.13957
287 108 272 0.0522985749117 27.4700557929 1.18690602044 -0.675227927612 4.12349763296
108 -1 -1 0 2.11194036835 1.02125827973 -0.686605395504 0.93827
272 245 260 0.0378088314145 25.3582634988 1.19974137724 -0.674280385643 1.5063133383
245 157 225 0.023457650996 4.76684470632 1.15147522305 -0.594746624799 0.147898488239
157 -1 -1 0 1.27527203626 1.14276572901 -0.642120441325 0
225 125 158 0.01323810671 3.49352546595 1.15418285685 -0.577458954501 0.0442986995106
125 -1 -1 0 0.311231170281 1.18975580665 -0.596790118263 0
158 -1 -1 0 3.18235813301 1.15063084291 -0.575568504294 0
260 155 219 0.0309969037304 20.6099674627 1.20989117747 -0.692657262325 0.845027922174
155 -1 -1 0 0.27568663022 1.13138634148 -0.786620689221 0
219 105 153 0.0114470069079 20.3355134239 1.2108704714 -0.691385282374 0.787372461657
105 -1 -1 0 0.706092217064 1.17803566117 -0.666889063562 0.13957
153 -1 -1 0 19.6296406657 1.2120256295 -0.692266340881 0.13957
312 6 302 0.0778831591323 7.8193009316 1.11862810311 -1.02270418181 1.87784913898
6 -1 -1 0 1.66784482146 1.26560687515 -1.12210490027 0.49368
302 45 301 0.0584397986775 6.16191217165 1.07418601169 -0.995840441107 1.2239579753
45 -1 -1 0 0.5059817211 0.927509579786 -0.886332852969 0
301 209 275 0.0634444275802 5.65923143853 1.08606749119 -1.0056119166 1.13309889705
209 7 200 0.0062700287197 2.4604437093 1.0385904403 -1.07620108202 0.141681195432
7 -1 -1 0 2.39765071002 1.03871933304 -1.07679510582 0.13957
200 -1 -1 0 0.0628095725582 1.03345458841 -1.05352327149 0
275 249 253 0.0403790519506 3.20960996983 1.11867821434 -0.951517764773 0.786892626491
249 109 151 0.0243844114028 2.32294896443 1.09954040212 -0.926354352745 0.532528512291
109 -1 -1 0 2.01207344881 1.10581354644 -0.918269718176 0.49368
151 -1 -1 0 0.311366471664 1.05692495291 -0.978621091325 0
253 44 133 0.0272857346701 0.889319097196 1.16498956619 -1.01728640787 0.236956805318
44 -1 -1 0 0.58974557758 1.14271543548 -1.00709159589 0
133 -1 -1 0 0.29966448531 1.20742422073 -1.03735099627 0.13957
347 317 329 0.160673751471 8.13137070038 0.640438671198 -1.32156661959 2.35936806805
317 119 316 0.0845762636388 3.28264983058 0.526249434225 -1.10805297923 0.733322043161
119 -1 -1 0 0.222591262347 0.532033811057 -0.834268728467 0.13957
316 42 296 0.0853659815086 3.0689392359 0.524432259466 -1.12766475306 0.440197575591
42 -1 -1 0 1.05953942285 0.662808718018 -1.16140809302 0.13957
296 212 242 0.0593289678554 2.0103207809 0.447259244773 -1.10988276581 0.150935433732
212 127 129 0.00795345118031 1.46508156734 0.423648131354 -1.07086141573 0.0117337833749
127 -1 -1 0 0.15248681349 0.440888925309 -1.08681272174 0
129 -1 -1 0 1.3126164066 0.421630849711 -1.06900842802 0
242 47 128 0.0206353874894 0.549335884464 0.506035662274 -1.21411512836 0.0133447121081
47 -1 -1 0 0.102855881786 0.457289805959 -1.20005105435 0
128 -1 -1 0 0.44649251806 0.51709972448 -1.21735488607 0
329 46 314 0.108978811202 4.9721560024 0.698537609822 -1.46192148333 1.00797095866
46 -1 -1 0 0.540328739126 0.998402154085 -1.36702359358 0
314 37 277 0.0823101627078 4.43455400229 0.657246213235 -1.4734672368 0.783340284735
37 -1 -1 0 0.501036779583 0.607172094265 -1.70720541614 0.13957
277 36 148 0.0417889381354 3.94884729488 0.661267784509 -1.44407519728 0.51270595219
36 -1 -1 0 3.8238144901 0.665127968306 -1.44691114056 0.49368
148 -1 -1 0 0.125517498079 0.53715322368 -1.35757217994 0
