# pt eta phi
# Event 0
0.591768652119 -4.64663033907 1.5992912772
0.22530882226 -5.44558999186 -0.195011260126
0.290811703635 -6.62727104018 -1.88209742236
0.180130808441 -5.41382560347 0.6555032402
0.216836372752 -7.29058156476 0.475247122002
0.505442468385 -7.16643976265 -2.08562509954
1.66784482146 1.26560687515 -1.12210490027
2.39765071002 1.03871933304 -1.07679510582
0.544539030022 1.13678550152 -1.75970519711
0.215743236788 -1.98584089091 2.22062457855
0.31039297682 0.861801811157 0.982967813265
0.408613783209 -0.176901441809 -1.69632170031
1.52190223844 -7.45116102097 -0.513814927642
0.169942757462 1.6058239202 -1.44458236501
0.0116106235582 3.91289957947 -2.54258262555
0.0922753854504 0.222797169483 -1.92810830364
0.124451274887 1.39573073202 -2.14213606069
0.133629720163 1.84896719203 2.13833735628
0.122996694836 1.05694027378 2.82061592477
0.374898680767 -2.21916127522 -0.0989880735296
0.316836923338 -3.64741932482 -0.440742147777
0.210969737906 -2.69278179974 -2.55240759527
0.731531453268 -2.42724430379 -2.76993042791
0.0193810260801 -1.5171380305 -0.0993709155823
0.195977471592 -0.130195443804 -1.94585416956
0.113874966735 0.370459468618 -0.359844948079
0.146306802409 1.24889182177 -0.88649825888
0.056936907706 -5.77913823822 0.470244368663
0.109392926234 -7.32608630183 0.593575900858
0.0404420408293 -5.23559671388 -2.15198671775
0.178051535675 -4.35584770283 -0.729205945858
0.107398540697 -4.4438967768 0.0878696615978
0.0638761444061 -5.90371540748 0.433656882821
0.0540880208999 -3.36711030253 -1.16864118921
0.197554670506 -4.42159047057 -0.456365981215
0.180433345729 1.95120409649 -1.80315807314
3.8238144901 0.665127968306 -1.44691114056
0.501036779583 0.607172094265 -1.70720541614
0.627027573187 1.50926738787 -2.10407564575
11.4187286331 1.53763506406 -1.63965188216
0.977255073003 1.36219655626 -1.56765804427
1.37145779856 1.33330422102 -1.45464122232
1.05953942285 0.662808718018 -1.16140809302
0.262137243846 0.775778524471 -2.07209855712
0.58974557758 1.14271543548 -1.00709159589
0.5059817211 0.927509579786 -0.886332852969
0.540328739126 0.998402154085 -1.36702359358
0.102855881786 0.457289805959 -1.20005105435
15.7073383234 1.35826816921 -1.52686264631
9.81396389929 1.42803122561 -1.5235075991
0.67408673221 1.41294401329 -1.44350855488
2.21295661149 1.42509844853 -1.55340942865
9.15086285203 1.46905548508 -1.51418431073
0.13357668129 1.56167098073 -1.59371453415
0.0626331223428 1.34212412955 2.34578327796
0.968112858893 0.685033732354 0.353635611906
2.04043610648 0.190111220382 1.90823314743
1.28208641648 0.886916392915 2.91018120937
1.10609724633 1.43524670007 -2.97568619956
0.218609833052 1.22020580134 -2.36962138831
5.37221936484 -0.0682166776815 1.48415578999
4.21344864803 -0.223829951646 1.53302164208
6.26099542642 -0.173829008827 1.49799042218
0.175654123321 0.65971827231 -0.152612245055
0.518081534833 -0.432233694964 2.65484372779
0.970533818029 0.993038121443 2.60248420085
0.325136504935 1.99875395436 2.57110926454
0.965722278467 1.66398513689 2.83396857834
6.94581589689 0.881802285699 -2.75619259134
1.3957416512 -0.137350484455 1.46650511419
0.759196327618 0.101931618821 1.48124478496
0.218721499041 0.00433313720183 1.16338207407
0.365042778471 1.31073747831 -3.1234252475
0.202437562143 1.08615442056 2.78702674521
0.927034415538 1.37599211886 2.96768016317
0.970624187806 1.09223219079 2.97870728899
0.559909212682 1.11146799737 3.11677868055
1.58549770587 0.953926625903 -2.61635651087
0.373101926987 0.809916567048 -2.57041070839
0.568863918216 1.54841682748 -2.78865804392
0.262210859388 1.61047995295 2.41006047008
0.00429844771583 -0.0505211704113 1.2731189753
1.15040792642 0.8041066199 -2.96772201238
0.148752199038 1.28593312837 2.77378195612
1.10544483315 1.14513875202 3.07650548772
1.47888818941 1.24179007824 2.86484922045
0.482309293668 1.69553260063 2.74628134593
4.88956164397 0.867208138267 -2.67449417112
0.584714714015 0.762107619268 -2.69713233639
5.63073737954 -0.06952662484 1.48739562094
7.77111725677 -0.148073410624 1.46791461191
0.368271281804 1.0398072532 3.02496890963
1.53044839659 1.06873624472 -3.08053111711
1.076583005 0.835062467077 -2.89652079014
0.0225990817528 1.01144059013 -2.72758855848
0.797503093655 0.970849758308 -2.87279329794
6.95696249307 -0.185346897512 1.44908083015
0.768392030403 -0.160813225111 1.43265719336
0.357577021511 -0.139771247341 1.69001512694
0.208415922081 -0.384857800573 1.4838067682
2.0717846665 -0.199720539322 1.57227434022
0.470128124328 9.12473145666 1.92034064117
0.350617690065 8.37797494262 -2.15582381773
0.340388035187 5.27544969852 -1.98874585972
0.162265323876 3.56374659332 1.42348926784
0.706092217064 1.17803566117 -0.666889063562
0.170491310679 3.57928937507 -0.666547994237
1.06377588194 0.764092365758 -0.469550789656
2.11194036835 1.02125827973 -0.686605395504
2.01207344881 1.10581354644 -0.918269718176
0.0985435546093 8.84983790046 -2.95842278322
0.308766812763 6.210549081 2.87430671223
0.129929012404 8.25128772355 2.46853880852
0.273241739119 6.59682492347 1.05672340346
0.624269640252 3.92895926005 0.174407848631
0.437000581185 3.979642662 -1.67377689053
0.418226619503 2.46982535673 -0.202497753053
0.459420376447 2.61775628506 -2.25130871302
0.0969687536622 3.55238752519 1.51744001606
0.222591262347 0.532033811057 -0.834268728467
0.0772870756734 4.36059816139 -1.79691008161
0.10688874315 5.66005535805 -1.27578692782
0.0752809754245 2.72242042661 2.29245291814
0.671843560081 3.18134443533 1.90812211441
0.836582327809 1.13019120218 -0.167227367545
0.311231170281 1.18975580665 -0.596790118263
0.14235612775 1.30847863178 -0.891056554221
0.15248681349 0.440888925309 -1.08681272174
0.44649251806 0.51709972448 -1.21735488607
1.3126164066 0.421630849711 -1.06900842802
0.787603459933 0.757557045802 -0.40031273491
0.734534894226 1.08191198768 -0.343562233146
2.59128857948 1.29192739257 -0.748647322383
0.29966448531 1.20742422073 -1.03735099627
0.371603897337 1.37721362123 -0.727651477636
0.0906274437146 8.09527095529 0.265506966919
0.170614746338 7.0714197529 0.0775773131339
0.104468368252 7.52945914698 -1.09652269985
0.0827544384867 7.80348965534 0.490230649446
0.100216659602 6.88717676178 -1.26810309933
0.0597756126095 8.29222400126 -2.1446189376
0.0759420506891 4.02206880397 1.89444819854
0.175824146359 5.13228903977 1.89540344701
0.20981631749 5.30115309858 1.8687859728
0.337870556636 4.9194833389 1.53625636763
0.0521815634889 5.71174091124 -2.81753739289
0.0570526013164 4.18146387481 1.19775029506
0.257465297806 0.656205929342 -0.598102298434
0.125517498079 0.53715322368 -1.35757217994
2.14998683407 1.0462334296 -0.461757691846
0.100410992916 1.74666644533 -1.2761096478
0.311366471664 1.05692495291 -0.978621091325
1.23214569113 1.33475966979 -0.503965435539
19.6296406657 1.2120256295 -0.692266340881
0.337508222521 1.11812797815 -0.340625914496
0.27568663022 1.13138634148 -0.786620689221
1.78805678591 1.32430125588 -0.795141168752
1.27527203626 1.14276572901 -0.642120441325
3.18235813301 1.15063084291 -0.575568504294
10.3964205883 1.26534802013 -0.770278582521
1.08907853886 1.38426958956 -0.641544941888
2.77319338131 1.39141348901 -0.789588571239
2.56398307853 1.38081832952 -0.833480732506
1.81714853104 1.33211096568 -0.872695901675
7.91529512463 1.12312947825 2.04311285379
6.22907180322 1.18397587845 2.05192404586
1.86780186255 1.15828352688 1.85049903622
0.583276550231 1.87747030389 0.910003563951
0.867575284912 1.71676370966 -2.99321246798
0.74400307692 1.89166130827 0.966191345653
0.1735758814 2.43924649675 -2.84830048469
7.91604212725 1.44334039786 -1.45541725671
1.58201303022 1.26702547978 2.18777865331
3.03561482085 1.01238470856 2.10014333029
1.17339385504 1.12873328446 1.80592067
2.03528269747 1.21083296719 2.01031787231
0.251297396155 0.704603709307 0.945307133374
1.42274203344 1.24411706319 1.99127438778
0.0701000884428 -0.00120355401403 1.28735939922
0.772336228265 1.28238557079 2.17399495937
0.296948367033 0.913073925236 0.171983291292
4.35562974715 1.09868035329 2.07584027886
3.03701940027 1.06254164952 2.08427767916
11.7069921791 1.11989164087 2.05057550561
11.6679508142 1.10964159515 2.0558969935
1.07131308978 1.4149811063 1.61577407937
0.155042870671 0.77164315282 2.87065694185
3.41407605376 1.73836350877 -1.70541893091
1.57053131881 1.18537571232 2.11612183514
8.91919508438 1.20858406009 2.03819299091
3.26022002647 1.12381963987 2.07123970547
9.27158801954 1.10745021171 2.089537137
2.60775346416 1.1737821465 1.98499274407
2.40363237847 1.15709371614 2.0362644988
0.189244483297 2.34101455488 2.10452168315
0.443262544851 1.55099402349 0.857559756689
0.234548995633 1.35531791097 -2.12585967629
0.295270777459 1.4497425279 -1.61622385879
0.418196441753 1.36843385664 2.18148045447
0.512421640024 0.619184884296 1.73896587874
0.0628095725582 1.03345458841 -1.05352327149
0.824997994534 1.56300154895 -1.30832737437
1.24451752042 1.4007979203 -1.46437848556
2.04500279289 1.33378488326 -1.4127352314
